1599354051850
1599354051758
1599354051666
1599354051557
1599354051461
1599354051380
1599354051260
1599354051153
1599354051060
1599354050971
1599354050865
1599354050766
1599354050667
1599354050569
1599354050464
1599354050360
1599354050264
1599354050162
1599354050058
1599354049953
1599354049867
1599354049763
1599354049669
1599354049570
1599354049460
1599353156973
1599353156768
1599353156667
1599353156567
1599353156458
1599353156372
1599353156261
1599353156088
1599353155973
1599353155859
1599353155785
1599353155685
1599353155587
1599353155413
1599353155167
1599353154862
1599353154762
1599353154678
1599353154571
1599353154469
1599352313171
1599352313071
1599352312983
1599352312888
1599352312767
1599352312673
1599352312462
1599352312379
1599352312177
1599352312062
1599352311902
1599352311775
1599352311669
1599352311484
1599352311398
1599352311275
1599352311178
1599352311068
1599352310993
1599352310787
1599352310684
1599352310605
1599352310369
1599352310304
1599352310185
1599352309988
1599352309890
1599352309775
1599352309599
1599352309499
1599352309434
1599352309265
1599352309183
1599352309080
1599352308982
1599352272960
1599352272856
1599352272764
1599352272665
1599352272554
1599352272455
1599352272355
1599352272256
1599352272151
1599352272060
1599352271978
1599352271868
1599352271760
1599352271658
1599350339485
1599350339371
1599350339273
1599350339174
1599350339069
1599350182652
1599350182567
1599350182484
1599350182355
1599350182271
1599350182166
1599350181959
1599350181845
1599350181651
1599350181558
1599350036453
1599350036357
1599350036247
1599350036157
1599350036052
1599350035955
1599350035876
1599350035770
1599350035634
1599350035457
1599350035363
1599350035166
1599350035076
1599350034964
1599350034876
1599350034759
1599350034689
1599350034559
1599350034460
1599350034365
1599350034256
1599350034164
1599350034065
1599350033957
1599350033869
1599350033758
1599350033661
1599350033562
1599349940256
1599349940154
1599349940053
1599349939955
1599349939870
1599349939767
1599349939562
1599349939462
1599349939182
1599349939055
1599349938971
1599349938860
1599349938771
1599349938573
1599349938463
1599349938359
1599349938252
1599349938156
1599349938061
1599349937967
1599349937761
1599349937672
1599349937567
1599349683775
1599349683687
1599349683577
1599349683473
1599349683375
1599349683278
1599349683185
1599349683074
1599349682973
1599349682867
1599349682756
1599349682675
1599349682565
1599347436762
1599347436674
1599347436557
1599347436487
1599347436363
1599347436289
1599347436066
1599347435876
1599347435775
1599347435671
1599347435475
1599347435271
1599347435098
1599347434976
1599347434918
1599346625281
1599346625191
1599346625075
1599346625022
1599346624927
1599346624772
1599346624684
1599346624578
1599346624479
1599346624380
1599346624281
1599346623755
1599346623668
1599346623553
1599346623470
1599346623406
1599346623264
1599346623150
1599346622988
1599346622873
1599346622776
1599346622363
1599346256683
1599346256476
1599346256425
1599346256330
1599346256219
1599346256064
1599346255964
1599346255886
1599346255816
1599346255569
1599346252861
1599346252767
1599346252663
1599346252575
1599346252376
1599346252254
1599346252157
1599346252071
1599346251978
1599346251865
1599346251768
1599346251662
1599346251562
1599346251458
1599346251355
1599346251260
1599346251165
1599346250964
1599346250748
1599346250450
1599346250353
1599346250264
1599346248262
1599346248165
1599346248061
1599346247966
1599346247875
1599346247762
1599346247658
1599346247554
1599346247473
1599346247378
1599346247272
1599346247168
1599346247069
1599346246962
1599346246870
1599346246757
1599346246677
1599346246565
1599346246469
1599346246351
1599346246280
1599346246174
1599346245963
1599346245820
1599346245691
1599346245559
1599346245447
1599346245372
1599346245272
1599346245060
1599346244964
1599346244774
1599346244566
1599346054659
1599346054577
1599346054453
1599346054369
1599346054257
1599346054164
1599346054085
1599346053977
1599346053874
1599346053769
1599346053654
1599346053567
1599346053477
1599346053380
1599346053266
1599346053060
1599346052861
1599346052769
1599346052668
1599346052465
1599346052379
1599346052317
1599346052167
1599346052053
1599346051975
1599346051852
1599346051773
1599346051674
1599346051579
1599346048681
1599346048570
1599346048474
1599346048358
1599346048272
1599346048165
1599346048073
1599345817760
1599345817653
1599345817566
1599345817458
1599345817386
1599345817270
1599345817161
1599345817061
1599345816957
1599345816855
1599345816776
1599345816660
1599345816548
1599345816452
1599345816357
1599345816265
1599345816185
1599345816136
1599345815957
1599345815859
1599345815765
1599345815669
1599345815558
1599345815462
1599345815359
1599345815272
1599345815194
1599345815060
1599345642365
1599345642248
1599345642052
1599345641889
1599345641744
1599345641667
1599345451553
1599345451450
1599345451355
1599345451251
1599345451149
1599345450970
1599345450857
1599345450775
1599345450667
1599345450548
1599345450369
1599345450257
1599345450151
1599345450071
1599345449970
1599345449855
1599345449774
1599345449705
1599345449609
1599345449472
1599345449261
1599345449186
1599345449061
1599345448959
1599345448858
1599345448765
1599345448667
1599345448552
1599345448474
1599345448361
1599345448252
1599345448157
1599345448050
1599345447954
1599345447851
1599345447760
1599344549883
1599344549773
1599344549653
1599344549556
1599344549489
1599344549362
1599344549280
1599344549162
1599344549059
1599344548962
1599344548859
1599344548656
1599344548573
1599344548476
1599344548273
1599344548167
1599344548079
1599344547871
1599344547756
1599344547680
1599344547577
1599344547467
1599344547366
1599344501553
1599344501456
1599344501367
1599344501254
1599344501153
1599344501054
1599344500970
1599344500845
1599344500769
1599344500663
1599344500450
1599344500372
1599344500250
1599344500170
1599344500057
1599344499857
1599344499667
1599344499465
1599344499268
1599344499150
1599344498949
1599344498775
1599344371133
1599344370952
1599344370854
1599344370763
1599344370660
1599344370561
1599344370466
1599344370369
1599344370304
1599344370232
1599344370064
1599344369939
1599344369873
1599344369759
1599344369638
1599344369472
1599344369369
1599344369264
1599344369167
1599344369057
1599344368956
1599344368859
1599344368776
1599344368672
1599344368564
1599344368455
1599344368367
1599344368269
1599344368164
1599344368067
1599344367954
1599344367871
1599344367750
1599344367669
1599344367613
1599344364557
1599344364453
1599344364352
1599344364258
1599344364158
1599344364054
1599344363950
1599344363852
1599344363758
1599344363651
1599344363466
1599344363347
1599344363156
1599344363050
1599344362837
1599344362660
1599344362468
1599344362369
1599344362249
1599344362152
1599344362071
1599344362013
1599344361873
1599344361776
1599344361659
1599344361576
1599344361463
1599344361360
1599344361255
1599344361156
1599344361049
1599344360954
1599344360870
1599344360757
1599344360656
1599343992774
1599343992652
1599343992575
1599343992452
1599343992356
1599343992257
1599343992158
1599343992058
1599343991950
1599343991854
1599343991745
1599343991651
1599343991548
1599343991364
1599343991261
1599343991161
1599343991065
1599343990968
1599343990852
1599343990759
1599349682480
1599349639156
1599349639059
1599349638958
1599349638864
1599349638768
1599349638667
1599349638566
1599349638461
1599349638371
1599349638276
1599349638173
1599347437958
1599347437877
1599347437759
1599347437667
1599347437555
1599347437470
1599347437369
1599347437266
1599347437190
1599347437070
1599347436980
1599347436887
1599343990550
1599343990354
1599343990154
1599343989965
1599343989861
1599343989756
1599343727063
1599343726958
1599343726862
1599343726760
1599343726670
1599343726476
1599343726362
1599343726266
1599343726170
1599343726073
1599343725995
1599343725877
1599343725768
1599343725661
1599343725555
1599343639564
1599343639469
1599343639365
1599343639249
1599343639165
1599343639096
1599343639032
1599343638855
1599343269472
1599343269381
1599343269250
1599343269167
1599343269066
1599343268972
1599343268769
1599343268668
1599343268470
1599343268361
1599343268257
1599343267857
1599343267757
1599343267646
1599343267549
1599343267267
1599343267158
1599343267052
1599343242170
1599343242067
1599343241957
1599343241864
1599343241769
1599343241666
1599343241555
1599343241463
1599343241366
1599343241184
1599343241083
1599343240965
1599343240865
1599343240651
1599343240552
1599343240458
1599343240354
1599343240246
1599343240069
1599343239952
1599343239863
1599343239757
1599343239654
1599343239356
1599343239260
1599343239178
1599343239064
1599342911466
1599342911374
1599342911276
1599342911160
1599342911072
1599342910951
1599342910869
1599342910759
1599342910468
1599342910380
1599342910271
1599342910204
1599342910048
1599342909970
1599342909883
1599342909766
1599342909667
1599342909555
1599342909469
1599342909389
1599342909264
1599342909186
1599342909071
1599342908968
1599342908869
1599342908660
1599342908574
1599342908467
1599342784057
1599342783956
1599342783864
1599342783759
1599342783650
1599342783558
1599342783460
1599342783360
1599342783248
1599342783058
1599342782950
1599342782853
1599342782761
1599342736653
1599342736549
1599342736463
1599342736369
1599342736254
1599342736151
1599342736051
1599342735961
1599342735862
1599342735762
1599342735648
1599342735451
1599342735359
1599342735250
1599342735158
1599342735054
1599342734950
1599342734752
1599342734643
1599342734552
1599342734357
1599342734259
1599342734174
1599342734063
1599342734008
1599342733902
1599342733846
1599342733747
1599342661854
1599342661768
1599342661664
1599342661551
1599342661449
1599342661268
1599342661164
1599342661051
1599342660960
1599342660859
1599342660762
1599342660656
1599342660551
1599342660460
1599342660369
1599342660262
1599342660163
1599342660059
1599342659947
1599342659760
1599342659658
1599342649250
1599342649152
1599342649053
1599342648965
1599342648850
1599342648772
1599342648648
1599342648570
1599342648474
1599342648359
1599342648250
1599342648168
1599342648055
1599342647958
1599342647751
1599342647662
1599342647556
1599342647348
1599342647253
1599342647160
1599342647062
1599342646953
1599342646853
1599342646749
1599342646562
1599342646466
1599342646372
1599342611654
1599342611552
1599342611440
1599342611247
1599342611156
1599342611052
1599342610854
1599342610756
1599342610652
1599342610542
1599342610354
1599342610250
1599342610061
1599342609955
1599342609857
1599342609759
1599342609647
1599342609556
1599345447657
1599345447548
1599345447360
1599345447261
1599345447153
1599345402269
1599345402155
1599345402048
1599345401962
1599345401861
1599345401759
1599345401662
1599345401572
1599345401473
1599345401353
1599345401259
1599345401165
1599345401063
1599345400861
1599345400666
1599345400548
1599345400474
1599345400380
1599345400166
1599345400067
1599345399966
1599345399877
1599345399662
1599345399474
1599345399257
1599345399165
1599345399071
1599345392355
1599345392260
1599345392061
1599345391958
1599345391865
1599345391770
1599345391659
1599345391562
1599345391470
1599345391363
1599345391255
1599345391168
1599345391065
1599345390957
1599345390866
1599345390662
1599345390554
1599345390456
1599345390263
1599345390157
1599345390058
1599345389864
1599345389757
1599345389653
1599345389360
1599345389278
1599345389169
1599345366674
1599345366563
1599345366453
1599345366367
1599345366274
1599345366173
1599345366075
1599345365971
1599345365871
1599345365763
1599345365655
1599345365558
1599345365459
1599345365365
1599345365267
1599345365160
1599345365052
1599345364868
1599345364780
1599345364675
1599345364572
1599345364465
1599345364369
1599345364268
1599345364158
1599345364068
1599345363965
1599345363851
1599345363768
1599345363660
1599345363561
1599345363469
1599344581087
1599344580955
1599344580856
1599344580767
1599344580668
1599344580574
1599344580472
1599344580263
1599344580166
1599344580095
1599344579993
1599344579773
1599344579653
1599344579583
1599344559076
1599344558975
1599344558871
1599344558759
1599344558587
1599344558472
1599344558361
1599344558253
1599344558165
1599344558065
1599344557966
1599344557856
1599344557756
1599344557674
1599344557575
1599344557471
1599344557366
1599344557169
1599344557050
1599344556968
1599344556860
1599344556679
1599344556574
1599344556463
1599344556369
1599344550368
1599344550263
1599344550156
1599344550058
1599344549962
1599342609453
1599342609359
1599342609249
1599342609159
1599342609044
1599342608964
1599342608869
1599342608758
1599342608648
1599342608555
1599342608367
1599342608250
1599342608143
1599342608050
1599342607947
1599342607754
1599342607655
1599342607557
1599342607452
1599342607352
1599342595052
1599342594944
1599342594766
1599342594680
1599342594565
1599342594449
1599342594359
1599342594249
1599342593964
1599342593857
1599342093262
1599342093152
1599342092980
1599342092867
1599342092758
1599342092660
1599342092568
1599342092468
1599342007555
1599342007458
1599342007377
1599342007270
1599342007174
1599342007080
1599342006990
1599341849162
1599341849057
1599341848957
1599341848882
1599341848768
1599341848662
1599341848566
1599341848457
1599341848372
1599341848260
1599341848078
1599341847964
1599341847884
1599341847765
1599341847669
1599341847570
1599341847472
1599341847375
1599341847298
1599341847177
1599341847065
1599341846970
1599341846872
1599341846770
1599341846648
1599341845277
1599341845075
1599341842177
1599341842080
1599341841968
1599341841880
1599341841767
1599341841678
1599341841583
1599341841473
1599341841371
1599341841264
1599341841166
1599341841055
1599341840965
1599341840858
1599341840766
1599341791553
1599341791459
1599341791353
1599341791264
1599341791184
1599341791100
1599341791001
1599341790853
1599341790772
1599341790678
1599341559864
1599341559777
1599341559667
1599341559569
1599341559470
1599341559362
1599341559257
1599341559159
1599341559054
1599341558964
1599341558855
1599341558771
1599341558662
1599341558568
1599341558464
1599341558378
1599341558281
1599341558051
1599341557955
1599341557864
1599341557772
1599341557657
1599341557557
1599341557462
1599341557357
1599341557253
1599341557163
1599341556951
1599341556874
1599341556714
1599341556622
1599341556483
1599341556385
1599341556280
1599341526961
1599341526858
1599341526760
1599341526659
1599341526551
1599341526454
1599341526372
1599341526280
1599341526174
1599341525880
1599341525784
1599341525576
1599341509657
1599341509567
1599341509469
1599341509360
1599341509263
1599341509162
1599341509056
1599341508954
1599341508872
1599341479172
1599341479076
1599341478861
1599341478762
1599341478664
1599341478568
1599341478460
1599341478359
1599341478276
1599341478168
1599341478064
1599341396064
1599341395967
1599341395861
1599341395760
1599341395657
1599341395555
1599341395464
1599341395355
1599341395258
1599341395159
1599341395061
1599341394954
1599341394855
1599341394754
1599341394678
1599341394571
1599341394458
1599341394368
1599341394276
1599341394180
1599341394063
1599341393856
1599341393757
1599341393655
1599341393572
1599341393474
1599341393361
1599341393263
1599341393166
1599341393060
1599341392952
1599341392859
1599341392753
1599341392672
1599341392618
1599341392476
1599341392354
1599341369165
1599341369058
1599341368958
1599341368773
1599341368671
1599341368559
1599343238862
1599343238770
1599343238652
1599343218754
1599343218685
1599343218558
1599343218464
1599343218235
1599343217869
1599343217370
1599343217258
1599343217163
1599343084262
1599343084157
1599343084091
1599343084021
1599343083871
1599343083777
1599343083667
1599343083560
1599343083456
1599343083361
1599343083252
1599343083160
1599343083073
1599343082962
1599343082864
1599343082769
1599343082668
1599343082586
1599343082376
1599343082244
1599343082066
1599343081964
1599343081868
1599343081794
1599343081661
1599343081567
1599343059216
1599343059126
1599343059022
1599343058863
1599343058768
1599343058569
1599343058467
1599343058364
1599343058265
1599343058164
1599343057751
1599343057574
1599343057466
1599343057359
1599343057154
1599343057073
1599343056975
1599343056857
1599343056750
1599343030252
1599343030166
1599343030060
1599343029950
1599343029868
1599343029753
1599343029659
1599343029449
1599343029350
1599343029160
1599343029062
1599342912260
1599342912174
1599342912068
1599342911972
1599342911904
1599342911768
1599342911680
1599341368458
1599341368366
1599341368270
1599341368165
1599341368058
1599341367962
1599341367860
1599341367778
1599341367667
1599341367564
1599341367461
1599341367370
1599341367264
1599341367160
1599341367070
1599341366974
1599341366877
1599341366779
1599341366669
1599341366553
1599341366449
1599341366357
1599341366268
1599341366156
1599341366062
1599341365970
1599341365870
1599341365774
1599341365670
1599341365561
1599341365459
1599341365374
1599341365264
1599341365167
1599341365069
1599341364972
1599341364857
1599341332078
1599341331976
1599341331867
1599341331768
1599341331662
1599341331567
1599341331462
1599341331360
1599341331274
1599341331175
1599341331063
1599341330955
1599341330876
1599341330773
1599341330669
1599341330573
1599341330467
1599341330373
1599341330265
1599341330162
1599341329965
1599341329871
1599341329771
1599341329667
1599341329562
1599341329477
1599341329365
1599341329290
1599341329172
1599341329079
1599341329026
1599341328934
1599341328775
1599340941328
1599340941158
1599340819875
1599340819770
1599340819663
1599340819578
1599340819482
1599340819385
1599340819336
1599340819166
1599340819069
1599340818977
1599340818868
1599340818761
1599340818672
1599340818585
1599340818515
1599340818357
1599340818256
1599340818180
1599340818113
1599340817982
1599340817924
1599340817780
1599340817625
1599340817472
1599340817367
1599340817277
1599340817169
1599340817072
1599340816968
1599340816861
1599340816754
1599340816665
1599340816582
1599340816479
1599340816364
1599331258148
1599331258050
1599331257949
1599331257763
1599331257662
1599331257555
1599331257454
1599331257346
1599331257163
1599331257049
1599331256952
1599331256854
1599331256458
1599331256262
1599331256157
1599331256059
1599331255957
1599331255881
1599331255758
1599331255681
1599331255619
1599331255466
1599331255261
1599331255161
1599331255048
1599331254860
1599331254749
1599331254671
1599331254547
1599331254458
1599331254375
1599331254291
1599331254202
1599331254141
1599331254045
1599331253942
1599331253763
1599331253633
1599331253470
1599330348251
1599330348160
1599330348055
1599330347967
1599330347866
1599330347767
1599330347691
1599330347551
1599330347481
1599330347353
1599330347256
1599330347166
1599330347079
1599330346961
1599330346855
1599330346746
1599330346550
1599330346451
1599330346351
1599330346254
1599330346159
1599330346080
1599330346005
1599330345855
1599330345765
1599330345649
1599330345558
1599330345459
1599330345369
1599330345272
1599330345162
1599330345072
1599330344961
1599330344859
1599330344361
1599330344248
1599330344185
1599330344123
1599330343950
1599330343861
1599330343668
1599330343461
1599330343362
1599330343274
1599330343166
1599330343055
1599330342951
1599330342765
1599330342656
1599330342564
1599330342460
1599330342348
1599330342281
1599330342160
1599330342064
1599330341968
1599330341866
1599330341762
1599330341663
1599341846572
1599341846469
1599341846386
1599341846294
1599341846175
1599341846068
1599341845960
1599341845866
1599341845779
1599341845671
1599341845583
1599341845465
1599330341566
1599330341466
1599330341360
1599330341147
1599330173747
1599330173676
1599330173596
1599330173469
1599330173368
1599330173259
1599330173156
1599330173066
1599330172964
1599330172853
1599330172752
1599330172656
1599330172575
1599330172463
1599330172371
1599330172269
1599330172167
1599330172057
1599330171957
1599330171854
1599330171748
1599330171658
1599330171556
1599330171474
1599330171366
1599330171267
1599330171159
1599330171065
1599330170969
1599330170848
1599330170778
1599330170679
1599330170569
1599330170464
1599330170379
1599330170293
1599330170170
1599330170067
1599330169951
1599330169876
1599330169774
1599330169671
1599330169558
1599330169370
1599330169259
1599330169177
1599330094173
1599330094058
1599330093948
1599330093751
1599330093657
1599330093451
1599330093364
1599330093262
1599330093161
1599330093069
1599330092962
1599330092872
1599330092758
1599330092658
1599330092560
1599330092462
1599330092359
1599330092172
1599330092055
1599330091958
1599330091850
1599329711467
1599329711252
1599329711161
1599329711064
1599329710964
1599329710867
1599329710768
1599329710643
1599329710584
1599329710472
1599329710355
1599329710291
1599329710170
1599329710115
1599329709953
1599329709773
1599329709655
1599329709569
1599329709467
1599329709370
1599329709286
1599329709170
1599329709073
1599329669761
1599329669666
1599329669571
1599329669451
1599329669366
1599329669248
1599329669158
1599329669063
1599329668954
1599329668864
1599329668751
1599329668659
1599329668558
1599329668451
1599329668355
1599329668280
1599329668187
1599329668059
1599329667955
1599329667852
1599329667765
1599329667653
1599329667568
1599329667471
1599329667370
1599329667249
1599329667160
1599329667065
1599329666962
1599329666851
1599329666768
1599329666654
1599329666557
1599329666458
1599329666351
1599329666263
1599329666067
1599329665953
1599329665863
1599329665758
1599329102165
1599329102060
1599329101958
1599329101851
1599329101758
1599329101650
1599329101465
1599329101349
1599329101250
1599329101052
1599329100972
1599329100862
1599329100753
1599329100665
1599329100596
1599329100467
1599329100355
1599329100260
1599329100156
1599329100064
1599329099960
1599329099855
1599329099751
1599329099661
1599329099563
1599329099466
1599329099363
1599329099257
1599329099150
1599329099050
1599329098969
1599329098865
1599329098766
1599329098655
1599329098558
1599329098473
1599329098358
1599329098256
1599329098153
1599328438858
1599328438747
1599328438660
1599328438561
1599328438455
1599328438354
1599328437461
1599328437351
1599328437253
1599328437153
1599328437067
1599328436958
1599328436849
1599328436759
1599328436669
1599328436562
1599328436458
1599328436377
1599328306653
1599328306566
1599328306461
1599328306362
1599328306253
1599328306158
1599328306063
1599328305963
1599328305860
1599328305791
1599328305706
1599328305589
1599328305465
1599328305363
1599328305277
1599328305182
1599328305082
1599328304949
1599328304884
1599340940972
1599340940863
1599340940774
1599340940588
1599340940494
1599340940272
1599340939986
1599340939924
1599340939454
1599340939214
1599340939107
1599340938943
1599340938785
1599340938669
1599340938613
1599340938310
1599340906075
1599340903514
1599340903446
1599340903201
1599340901790
1599340901688
1599340881474
1599340881387
1599340881273
1599340881159
1599340881081
1599340880764
1599340880682
1599340880463
1599340880371
1599340880277
1599340880170
1599340880064
1599340879995
1599340879917
1599340879778
1599340879684
1599340879575
1599340820053
1599340819971
1599328304761
1599328304653
1599328304560
1599328304463
1599328304356
1599328304247
1599328304156
1599328304051
1599328303949
1599328303866
1599328303760
1599328303649
1599328303556
1599328303455
1599328303256
1599328303155
1599328303061
1599328302962
1599328302876
1599328302751
1599328302662
1599328302566
1599328302472
1599328302368
1599328302276
1599328274756
1599328274650
1599328274559
1599328274455
1599328274351
1599328274156
1599328274057
1599328273981
1599328273884
1599328273777
1599328273681
1599328273568
1599328273475
1599328273361
1599328273259
1599328273165
1599328273075
1599328272973
1599328272872
1599328272760
1599328272651
1599328272559
1599328272455
1599328272361
1599328272254
1599328272058
1599328271962
1599328271848
1599328271751
1599328271559
1599328271452
1599328271358
1599328271261
1599328271148
1599328270978
1599328270893
1599327524449
1599327524357
1599327524263
1599327524153
1599327524055
1599327523948
1599327523768
1599327523664
1599327523551
1599327523456
1599326328759
1599326328658
1599326328555
1599326328451
1599326328359
1599326328251
1599326328159
1599326328072
1599326327970
1599326327873
1599326327757
1599326327655
1599326327546
1599326327460
1599326327355
1599326327266
1599326327157
1599326327067
1599326326966
1599326326848
1599326326669
1599326326551
1599326326452
1599326326362
1599326326250
1599326326167
1599326326061
1599326325956
1599326325364
1599326325271
1599326325171
1599326325068
1599326324971
1599326324858
1599326324758
1599326324674
1599326324559
1599326324496
1599326324374
1599326324258
1599326324155
1599326324068
1599326323979
1599326323851
1599326323658
1599326323563
1599326323358
1599326323257
1599326323156
1599326323051
1599326322955
1599326322862
1599326322761
1599326322660
1599326322550
1599326322450
1599326322366
1599326322274
1599326322163
1599326322052
1599326321964
1599326321874
1599326321767
1599326321669
1599326321566
1599326321459
1599326321364
1599326321252
1599326321159
1599326321067
1599326320966
1599326320870
1599326320758
1599326320663
1599326320567
1599326320462
1599326320345
1599326320281
1599326320149
1599326320058
1599326319967
1599326312464
1599326312361
1599326312266
1599326312193
1599326312056
1599326311978
1599326311877
1599326311766
1599326311664
1599326311563
1599326311465
1599326311358
1599326311267
1599326311163
1599326311055
1599326310952
1599326310852
1599326310758
1599326310656
1599326310560
1599326310448
1599326310363
1599326310165
1599326310066
1599326309960
1599326309885
1599326309756
1599326309681
1599326309579
1599326309516
1599326309365
1599326309264
1599326309163
1599326309067
1599326308959
1599326308866
1599326308763
1599326308552
1599326308460
1599326308359
1599326185868
1599326185665
1599326185561
1599326185454
1599326185264
1599326185155
1599326185049
1599326184965
1599326184856
1599326184751
1599326184553
1599326184381
1599326184323
1599326184190
1599325172488
1599325170764
1599330091774
1599330091681
1599330091577
1599330091474
1599330091400
1599330091348
1599330091174
1599330091066
1599330090954
1599330090862
1599330090758
1599330090658
1599330090550
1599330090460
1599330090366
1599330090261
1599330090152
1599330090065
1599330048363
1599330048183
1599330048073
1599330047962
1599330047871
1599330047764
1599330047690
1599330047476
1599330047372
1599330047260
1599330047163
1599330047069
1599330046950
1599329802063
1599329801965
1599329801858
1599329801768
1599329801673
1599329801555
1599329801456
1599329801359
1599329801267
1599329801187
1599329801071
1599329800971
1599329800874
1599329800754
1599329800662
1599329800573
1599329800459
1599329800373
1599329800267
1599329800150
1599329800054
1599329799963
1599329799862
1599329799779
1599329799657
1599329799605
1599329799443
1599329799341
1599329799177
1599329799068
1599329798965
1599329798850
1599329798753
1599329798651
1599329798560
1599329790318
1599329790057
1599329789976
1599329789786
1599329789660
1599329789567
1599329789365
1599329789264
1599329789162
1599329788970
1599329788871
1599329788759
1599329788675
1599329788578
1599329788475
1599329788385
1599329788273
1599329788054
1599329787970
1599329787862
1599329787770
1599329787672
1599329787565
1599329787464
1599329787366
1599329787271
1599329787153
1599329787061
1599329786960
1599329713256
1599329713166
1599329713066
1599329712953
1599329712872
1599329712772
1599329712669
1599329712582
1599329712466
1599329712371
1599329712268
1599329712173
1599329712065
1599329711966
1599329711859
1599329711779
1599329711663
1599329711581
1599325170660
1599325170561
1599325170457
1599325159652
1599325159355
1599325159260
1599325159162
1599325159055
1599325158855
1599325158790
1599325158632
1599325158448
1599325158249
1599325158175
1599325157952
1599325157857
1599325157757
1599325157655
1599325157562
1599325157464
1599325157348
1599325157156
1599325157060
1599325156973
1599325156901
1599325156762
1599325156658
1599325156587
1599325156458
1599325156388
1599325156276
1599325156126
1599325102467
1599325102164
1599325102052
1599325101967
1599325101900
1599325101754
1599325101677
1599325101572
1599325101483
1599325101382
1599325101271
1599325101200
1599325101073
1599325101014
1599325100849
1599325100792
1599325100671
1599325100577
1599325100459
1599325100363
1599325100277
1599325100165
1599325100082
1599325099876
1599325099768
1599325099666
1599325099555
1599325099462
1599325099366
1599325099284
1599325099163
1599325099046
1599325098874
1599325098769
1599325098668
1599325098577
1599325098464
1599325098348
1599325098268
1599325098181
1599325084261
1599325084168
1599325084071
1599325083960
1599325083861
1599325083755
1599325083661
1599325083562
1599325083456
1599325083363
1599325083266
1599325083163
1599325083068
1599325082974
1599325082889
1599325082798
1599325082663
1599325082585
1599325082461
1599325082368
1599325082255
1599325082158
1599325082060
1599325081980
1599325081861
1599325081780
1599325081660
1599325081562
1599325081452
1599325081357
1599325081156
1599325081070
1599325080970
1599325080858
1599325080669
1599325080573
1599325080469
1599325080363
1599325080271
1599325080183
1599325080071
1599325079869
1599325079778
1599324502357
1599324502164
1599324502050
1599324501953
1599324501855
1599324501752
1599324501658
1599324501552
1599324501449
1599324501358
1599324501273
1599324501174
1599324501098
1599324500945
1599324500751
1599324500658
1599324500543
1599324500444
1599324500341
1599324500238
1599324500056
1599324499965
1599324499862
1599324499773
1599324499656
1599324499544
1599324499443
1599324499342
1599324499240
1599324499055
1599324498945
1599324498844
1599324498743
1599324498456
1599324498367
1599324480145
1599324480045
1599324479946
1599324479763
1599324479665
1599324479542
1599324479438
1599324479353
1599324479240
1599324478349
1599324478257
1599324478083
1599324477962
1599324477863
1599324477672
1599324477557
1599324477456
1599324477366
1599324477256
1599324477145
1599324477044
1599324476861
1599324476758
1599324469439
1599324469339
1599324469147
1599324469055
1599324468960
1599324468846
1599324468651
1599324468559
1599324468491
1599324468388
1599324468319
1599324468230
1599324468056
1599324467954
1599324467851
1599324467748
1599324467643
1599324467466
1599324467345
1599324467242
1599324467142
1599324467045
1599324466949
1599324466844
1599324466744
1599324466521
1599324466348
1599324466260
1599324466144
1599324465957
1599324465852
1599327523349
1599327523252
1599327523152
1599327523052
1599327522955
1599327522852
1599327522755
1599327522657
1599327522579
1599327522501
1599327522405
1599327522270
1599327522164
1599327522045
1599327521962
1599327521849
1599327521756
1599327521551
1599327521361
1599327521160
1599327521060
1599327520950
1599327520663
1599327520559
1599327520467
1599327520356
1599327520288
1599327520149
1599326938584
1599326937477
1599326937348
1599326937266
1599326937154
1599326937055
1599326936958
1599326936858
1599326936769
1599326936678
1599326936565
1599326936482
1599326936363
1599326868381
1599326868275
1599326868165
1599326868071
1599326867943
1599326867769
1599326867665
1599326867562
1599326867457
1599326867364
1599326867255
1599326867170
1599326867064
1599326866957
1599326866862
1599326866661
1599326866558
1599326866449
1599326866357
1599326866256
1599326866171
1599326866067
1599326865952
1599326865870
1599326865757
1599326865660
1599326865562
1599326865454
1599326865352
1599326865258
1599326865067
1599326864957
1599326329762
1599326329664
1599326329553
1599326329357
1599326329253
1599326329157
1599326329062
1599326328963
1599326328856
1599324239743
1599324239649
1599324239549
1599324239444
1599324239249
1599324239142
1599324239044
1599324238949
1599324238848
1599324238740
1599324238560
1599324238468
1599324238371
1599324238266
1599324238143
1599324237956
1599324237853
1599324237743
1599324237641
1599324237544
1599324237360
1599324237252
1599324237154
1599324236962
1599324236856
1599324236767
1599324236658
1599324236550
1599324236461
1599324236349
1599324236248
1599324236145
1599324236050
1599324235945
1599324235744
1599324235639
1599324235551